Iter = 100

run:
Experiment 1 - {Ants:Items} memory ant

{Sim: #I=122 Mem=0}, 
122:5,	2, 14, 4.25, 453.24, 
122:6,	2, 14, 3.91, 399.39, 
122:8,	2, 14, 3.90, 404.79, 
122:10,	2, 16, 4.02, 409.80, 
122:13,	3, 20, 4.23, 651.37, 
122:20,	3, 23, 3.88, 669.08, 
122:40,	5, 33, 4.17, 1,033.79, 

{Sim: #I=122 Mem=1}, 
122:5,	2, 12, 3.92, 285.83, 
122:6,	2, 16, 4.01, 573.00, 
122:8,	2, 17, 4.14, 512.60, 
122:10,	3, 17, 3.81, 511.84, 
122:13,	3, 18, 3.59, 621.47, 
122:20,	3, 22, 4.32, 652.44, 
122:40,	5, 33, 4.20, 1,022.48, 

{Sim: #I=122 Mem=10}, 
122:5,	2, 13, 3.65, 382.85, 
122:6,	2, 16, 4.12, 427.33, 
122:8,	2, 16, 3.73, 554.61, 
122:10,	3, 17, 3.81, 533.76, 
122:13,	2, 17, 3.88, 568.45, 
122:20,	3, 21, 4.39, 667.03, 
122:40,	5, 34, 4.25, 1,039.39, 

{Sim: #I=122 Mem=100}, 
122:5,	2, 14, 3.82, 422.20, 
122:6,	2, 15, 3.85, 490.39, 
122:8,	2, 16, 3.74, 478.07, 
122:10,	3, 18, 4.09, 552.33, 
122:13,	3, 21, 4.15, 660.91, 
122:20,	4, 24, 4.03, 748.84, 
122:40,	5, 32, 4.07, 1,001.52, 

Experiment 1 - {Ants:Items} memory location ant

{Sim: #I=122 Mem=0}, 
122:5,	2, 15, 4.02, 433.48, 
122:6,	2, 14, 4.34, 363.80, 
122:8,	2, 17, 4.41, 543.28, 
122:10,	2, 17, 4.24, 558.89, 
122:13,	3, 19, 4.25, 526.23, 
122:20,	3, 23, 4.03, 704.56, 
122:40,	5, 33, 4.00, 995.61, 

{Sim: #I=122 Mem=1}, 
122:5,	2, 12, 3.63, 369.21, 
122:6,	2, 15, 4.10, 427.44, 
122:8,	2, 14, 3.94, 385.39, 
122:10,	2, 17, 3.79, 496.81, 
122:13,	3, 19, 4.08, 608.12, 
122:20,	4, 24, 4.03, 768.48, 
122:40,	5, 34, 4.32, 984.55, 

{Sim: #I=122 Mem=10}, 
122:5,	2, 14, 4.16, 417.01, 
122:6,	2, 16, 4.26, 438.12, 
122:8,	2, 17, 4.10, 484.67, 
122:10,	2, 16, 3.58, 491.72, 
122:13,	3, 20, 4.23, 605.39, 
122:20,	3, 23, 4.14, 723.97, 
122:40,	5, 31, 4.15, 909.88, 

{Sim: #I=122 Mem=100}, 
122:5,	2, 16, 4.00, 539.51, 
122:6,	2, 14, 3.79, 386.24, 
122:8,	2, 16, 4.16, 430.92, 
122:10,	2, 17, 4.01, 448.19, 
122:13,	3, 20, 4.38, 550.85, 
122:20,	3, 24, 4.39, 674.80, 
122:40,	5, 32, 4.02, 1,021.63, 

Experiment 2 - {Speed of Ants} memory ant

{Sim: #I=122 Mem=0}, 
1,	3, 19, 4.05, 647.97, 
2,	4, 27, 4.02, 920.40, 
3,	5, 36, 4.24, 1,087.52, 
4,	6, 42, 4.43, 1,242.89, 

{Sim: #I=122 Mem=1}, 
1,	3, 19, 4.48, 541.61, 
2,	4, 27, 4.10, 747.71, 
3,	5, 32, 4.21, 1,039.55, 
4,	6, 39, 4.06, 1,235.96, 

{Sim: #I=122 Mem=10}, 
1,	3, 19, 4.09, 550.99, 
2,	4, 26, 4.08, 784.92, 
3,	5, 34, 4.25, 1,114.80, 
4,	6, 39, 4.32, 1,324.61, 

{Sim: #I=122 Mem=100}, 
1,	3, 20, 4.06, 673.47, 
2,	4, 29, 4.15, 953.63, 
3,	5, 34, 4.16, 1,052.51, 
4,	6, 41, 4.29, 1,221.08, 

Experiment 2 - {Speed of Ants} memory location ant

{Sim: #I=122 Mem=0}, 
1,	3, 19, 4.12, 552.07, 
2,	4, 27, 3.94, 765.04, 
3,	5, 34, 4.12, 1,012.28, 
4,	6, 39, 3.97, 1,292.80, 

{Sim: #I=122 Mem=1}, 
1,	2, 18, 4.22, 530.15, 
2,	4, 26, 4.29, 811.37, 
3,	5, 34, 4.33, 1,001.95, 
4,	6, 40, 4.39, 1,257.73, 

{Sim: #I=122 Mem=10}, 
1,	3, 19, 4.34, 501.51, 
2,	4, 28, 4.06, 938.89, 
3,	5, 37, 4.45, 1,121.93, 
4,	6, 40, 4.22, 1,223.69, 

{Sim: #I=122 Mem=100}, 
1,	3, 18, 4.21, 515.77, 
2,	4, 26, 3.93, 817.27, 
3,	5, 32, 4.29, 914.80, 
4,	5, 38, 4.31, 1,209.03, 
BUILD SUCCESSFUL (total time: 8 seconds)
