iter = 200

run:
Experiment 1 - {Ants:Items} memory ant

{Sim: #I=122 Mem=0}, 
122:5,	2, 17, 3.89, 486.60, 
122:6,	2, 16, 4.10, 499.89, 
122:8,	3, 23, 4.00, 745.51, 
122:10,	3, 24, 4.10, 699.84, 
122:13,	4, 28, 4.02, 827.01, 
122:20,	5, 36, 4.34, 1,028.75, 
122:40,	7, 47, 4.09, 1,529.95, 

{Sim: #I=122 Mem=1}, 
122:5,	3, 19, 4.44, 547.07, 
122:6,	3, 19, 4.16, 604.32, 
122:8,	3, 23, 4.41, 713.81, 
122:10,	4, 26, 4.21, 733.63, 
122:13,	4, 30, 4.33, 954.69, 
122:20,	6, 37, 4.27, 1,021.32, 
122:40,	7, 47, 4.27, 1,340.24, 

{Sim: #I=122 Mem=10}, 
122:5,	3, 19, 4.04, 610.69, 
122:6,	3, 20, 3.93, 640.92, 
122:8,	3, 23, 4.09, 633.80, 
122:10,	3, 23, 4.20, 606.84, 
122:13,	4, 28, 3.99, 902.03, 
122:20,	5, 34, 4.07, 994.80, 
122:40,	7, 45, 4.20, 1,405.36, 

{Sim: #I=122 Mem=100}, 
122:5,	3, 17, 3.72, 525.40, 
122:6,	3, 19, 4.16, 668.04, 
122:8,	3, 22, 4.32, 589.59, 
122:10,	4, 25, 4.43, 724.87, 
122:13,	4, 28, 4.02, 843.40, 
122:20,	5, 33, 4.03, 991.64, 
122:40,	7, 47, 4.24, 1,330.93, 

Experiment 1 - {Ants:Items} memory location ant

{Sim: #I=122 Mem=0}, 
122:5,	3, 18, 3.93, 559.84, 
122:6,	3, 20, 4.18, 622.64, 
122:8,	3, 23, 4.00, 673.52, 
122:10,	4, 26, 4.42, 759.72, 
122:13,	4, 29, 4.02, 895.91, 
122:20,	5, 33, 4.41, 894.07, 
122:40,	7, 47, 4.11, 1,389.48, 

{Sim: #I=122 Mem=1}, 
122:5,	3, 17, 3.90, 529.49, 
122:6,	3, 20, 4.00, 748.67, 
122:8,	3, 23, 4.09, 691.51, 
122:10,	4, 24, 4.16, 669.71, 
122:13,	4, 28, 4.36, 855.91, 
122:20,	6, 38, 4.18, 1,060.48, 
122:40,	7, 47, 4.32, 1,354.95, 

{Sim: #I=122 Mem=10}, 
122:5,	3, 18, 4.08, 526.97, 
122:6,	3, 19, 4.54, 581.44, 
122:8,	3, 22, 4.27, 687.04, 
122:10,	4, 25, 4.32, 734.97, 
122:13,	4, 29, 4.12, 914.67, 
122:20,	5, 36, 4.19, 1,004.79, 
122:40,	7, 47, 4.22, 1,363.11, 

{Sim: #I=122 Mem=100}, 
122:5,	3, 19, 4.34, 575.32, 
122:6,	2, 17, 4.01, 490.61, 
122:8,	3, 23, 4.14, 635.27, 
122:10,	3, 24, 4.12, 730.95, 
122:13,	4, 27, 4.24, 833.47, 
122:20,	6, 37, 4.11, 1,139.39, 
122:40,	6, 45, 4.27, 1,435.35, 

Experiment 2 - {Speed of Ants} memory ant

{Sim: #I=122 Mem=0}, 
1,	4, 26, 4.16, 885.69, 
2,	6, 40, 4.35, 1,075.71, 
3,	7, 46, 4.32, 1,549.04, 
4,	8, 55, 4.35, 1,622.59, 

{Sim: #I=122 Mem=1}, 
1,	4, 29, 4.30, 770.97, 
2,	6, 39, 4.11, 1,149.93, 
3,	7, 49, 4.24, 1,458.87, 
4,	7, 53, 4.33, 1,601.85, 

{Sim: #I=122 Mem=10}, 
1,	4, 28, 4.15, 849.29, 
2,	6, 40, 4.18, 1,158.05, 
3,	7, 47, 4.31, 1,316.64, 
4,	8, 55, 4.34, 1,589.32, 

{Sim: #I=122 Mem=100}, 
1,	4, 27, 4.20, 816.64, 
2,	6, 40, 4.11, 1,236.60, 
3,	6, 45, 4.18, 1,317.60, 
4,	8, 56, 4.33, 1,740.41, 

Experiment 2 - {Speed of Ants} memory location ant

{Sim: #I=122 Mem=0}, 
1,	4, 26, 4.20, 749.01, 
2,	6, 39, 4.12, 1,193.65, 
3,	7, 49, 4.41, 1,442.23, 
4,	8, 55, 4.25, 1,541.69, 

{Sim: #I=122 Mem=1}, 
1,	4, 27, 4.12, 854.21, 
2,	6, 39, 4.33, 1,297.72, 
3,	7, 47, 4.30, 1,365.13, 
4,	7, 53, 4.45, 1,561.59, 

{Sim: #I=122 Mem=10}, 
1,	5, 31, 4.04, 956.08, 
2,	6, 39, 4.34, 1,182.23, 
3,	7, 49, 4.39, 1,440.93, 
4,	8, 55, 4.30, 1,722.77, 

{Sim: #I=122 Mem=100}, 
1,	4, 28, 4.41, 829.25, 
2,	6, 43, 4.42, 1,298.76, 
3,	7, 50, 4.61, 1,302.48, 
4,	7, 52, 4.55, 1,496.56, 
