iter = 300

run:
Experiment 1 - {Ants:Items} memory ant

{Sim: #I=122 Mem=0}, 
122:5,	3, 21, 4.02, 636.43, 
122:6,	4, 24, 4.20, 752.12, 
122:8,	4, 28, 4.26, 762.29, 
122:10,	4, 31, 4.44, 976.97, 
122:13,	5, 35, 4.17, 1,098.77, 
122:20,	7, 46, 4.22, 1,514.11, 
122:40,	8, 54, 4.15, 1,672.87, 

{Sim: #I=122 Mem=1}, 
122:5,	4, 24, 4.09, 686.32, 
122:6,	3, 23, 4.45, 699.25, 
122:8,	4, 27, 4.14, 853.56, 
122:10,	5, 32, 4.32, 979.53, 
122:13,	5, 36, 4.45, 1,066.64, 
122:20,	6, 42, 4.16, 1,335.24, 
122:40,	8, 54, 4.22, 1,704.13, 

{Sim: #I=122 Mem=10}, 
122:5,	3, 21, 4.27, 631.07, 
122:6,	4, 25, 4.11, 753.64, 
122:8,	4, 28, 4.32, 823.65, 
122:10,	5, 31, 4.37, 936.96, 
122:13,	5, 37, 4.21, 1,125.64, 
122:20,	6, 43, 4.35, 1,269.09, 
122:40,	8, 55, 4.40, 1,675.79, 

{Sim: #I=122 Mem=100}, 
122:5,	3, 21, 4.17, 620.81, 
122:6,	3, 23, 4.24, 718.33, 
122:8,	4, 27, 4.22, 808.55, 
122:10,	5, 31, 4.14, 850.27, 
122:13,	5, 37, 4.24, 1,045.87, 
122:20,	6, 45, 4.34, 1,271.45, 
122:40,	8, 56, 4.24, 1,591.16, 

Experiment 1 - {Ants:Items} memory location ant

{Sim: #I=122 Mem=0}, 
122:5,	3, 22, 3.81, 668.69, 
122:6,	3, 23, 3.99, 634.47, 
122:8,	4, 29, 4.15, 888.71, 
122:10,	5, 32, 4.16, 989.39, 
122:13,	6, 40, 4.33, 1,149.77, 
122:20,	6, 43, 4.07, 1,356.72, 
122:40,	8, 56, 4.23, 1,666.44, 

{Sim: #I=122 Mem=1}, 
122:5,	3, 22, 3.95, 749.43, 
122:6,	3, 22, 4.28, 655.57, 
122:8,	4, 28, 4.19, 880.17, 
122:10,	4, 29, 4.34, 876.36, 
122:13,	5, 36, 4.23, 1,101.09, 
122:20,	6, 44, 4.18, 1,273.25, 
122:40,	7, 55, 4.62, 1,561.44, 

{Sim: #I=122 Mem=10}, 
122:5,	3, 21, 4.22, 607.93, 
122:6,	4, 25, 4.10, 739.09, 
122:8,	4, 30, 4.25, 830.63, 
122:10,	5, 31, 4.25, 870.97, 
122:13,	5, 36, 4.63, 1,166.04, 
122:20,	6, 44, 4.40, 1,381.73, 
122:40,	8, 55, 4.38, 1,601.36, 

{Sim: #I=122 Mem=100}, 
122:5,	3, 20, 4.17, 556.59, 
122:6,	4, 25, 4.24, 719.72, 
122:8,	4, 27, 4.02, 871.19, 
122:10,	5, 33, 4.03, 991.20, 
122:13,	5, 36, 4.27, 1,113.91, 
122:20,	6, 44, 4.41, 1,164.28, 
122:40,	8, 57, 4.35, 1,549.52, 

Experiment 2 - {Speed of Ants} memory ant

{Sim: #I=122 Mem=0}, 
1,	5, 34, 4.14, 1,049.47, 
2,	7, 49, 4.38, 1,383.61, 
3,	8, 58, 4.24, 1,606.92, 
4,	9, 63, 4.25, 1,689.91, 

{Sim: #I=122 Mem=1}, 
1,	5, 34, 4.35, 1,057.04, 
2,	7, 49, 4.50, 1,397.13, 
3,	8, 55, 4.29, 1,546.72, 
4,	8, 62, 4.45, 1,859.24, 

{Sim: #I=122 Mem=10}, 
1,	5, 35, 4.17, 1,093.96, 
2,	7, 47, 4.26, 1,448.61, 
3,	8, 59, 4.33, 1,723.60, 
4,	8, 62, 4.74, 1,760.16, 

{Sim: #I=122 Mem=100}, 
1,	5, 36, 4.17, 1,061.24, 
2,	7, 48, 4.46, 1,392.55, 
3,	7, 55, 4.51, 1,505.52, 
4,	8, 61, 4.40, 1,931.60, 

Experiment 2 - {Speed of Ants} memory location ant

{Sim: #I=122 Mem=0}, 
1,	5, 34, 4.19, 995.12, 
2,	7, 48, 4.45, 1,471.08, 
3,	8, 57, 4.46, 1,639.21, 
4,	9, 64, 4.57, 1,962.65, 

{Sim: #I=122 Mem=1}, 
1,	5, 36, 4.44, 988.23, 
2,	7, 50, 4.41, 1,504.37, 
3,	8, 57, 4.22, 1,624.24, 
4,	8, 63, 4.48, 1,833.27, 

{Sim: #I=122 Mem=10}, 
1,	5, 35, 4.04, 922.93, 
2,	7, 46, 4.31, 1,395.91, 
3,	8, 58, 4.34, 1,738.89, 
4,	8, 63, 4.49, 1,877.13, 

{Sim: #I=122 Mem=100}, 
1,	5, 33, 4.16, 1,015.67, 
2,	7, 50, 4.43, 1,620.20, 
3,	8, 56, 4.51, 1,575.08, 
4,	8, 65, 4.79, 1,874.45, 
BUILD SUCCESSFUL (total time: 1 minute 14 seconds)
