Iter = 400

run:
Experiment 1 - {Ants:Items} memory ant

{Sim: #I=122 Mem=0}, 
122:5,	4, 24, 3.86, 742.69, 
122:6,	4, 30, 4.28, 689.86, 
122:8,	5, 33, 3.98, 864.74, 
122:10,	6, 39, 4.20, 1,170.54, 
122:13,	6, 42, 4.48, 1,322.17, 
122:20,	7, 51, 4.43, 1,570.17, 
122:40,	8, 58, 4.41, 1,573.80, 

{Sim: #I=122 Mem=1}, 
122:5,	4, 28, 4.29, 723.89, 
122:6,	4, 26, 4.01, 767.97, 
122:8,	4, 31, 4.39, 972.69, 
122:10,	5, 35, 4.14, 1,110.80, 
122:13,	6, 40, 4.02, 1,180.66, 
122:20,	7, 47, 4.23, 1,266.46, 
122:40,	8, 60, 4.80, 1,597.97, 

{Sim: #I=122 Mem=10}, 
122:5,	4, 25, 4.08, 663.91, 
122:6,	4, 27, 4.23, 932.97, 
122:8,	5, 31, 4.47, 866.97, 
122:10,	5, 36, 4.36, 1,065.83, 
122:13,	6, 42, 4.14, 1,278.54, 
122:20,	7, 49, 4.26, 1,223.29, 
122:40,	7, 55, 4.32, 1,805.23, 

{Sim: #I=122 Mem=100}, 
122:5,	3, 23, 4.03, 723.94, 
122:6,	4, 29, 4.25, 850.31, 
122:8,	4, 31, 4.19, 889.97, 
122:10,	5, 37, 4.42, 1,130.74, 
122:13,	6, 41, 4.27, 1,145.69, 
122:20,	7, 48, 4.49, 1,525.11, 
122:40,	7, 55, 4.65, 1,685.69, 

Experiment 1 - {Ants:Items} memory location ant

{Sim: #I=122 Mem=0}, 
122:5,	4, 27, 4.54, 772.54, 
122:6,	4, 27, 4.18, 709.11, 
122:8,	5, 31, 4.38, 848.40, 
122:10,	5, 34, 4.30, 853.06, 
122:13,	6, 40, 3.88, 1,153.00, 
122:20,	7, 50, 4.42, 1,339.97, 
122:40,	8, 61, 4.77, 1,886.54, 

{Sim: #I=122 Mem=1}, 
122:5,	4, 26, 3.99, 891.91, 
122:6,	4, 29, 4.24, 830.14, 
122:8,	5, 34, 4.49, 1,011.83, 
122:10,	6, 37, 4.33, 1,036.54, 
122:13,	6, 44, 4.39, 1,158.51, 
122:20,	7, 51, 4.46, 1,385.66, 
122:40,	8, 61, 4.36, 1,709.83, 

{Sim: #I=122 Mem=10}, 
122:5,	4, 24, 3.92, 860.26, 
122:6,	4, 28, 4.20, 892.91, 
122:8,	5, 32, 4.20, 907.54, 
122:10,	5, 36, 4.36, 1,108.69, 
122:13,	6, 42, 4.54, 1,139.29, 
122:20,	7, 52, 4.39, 1,570.37, 
122:40,	8, 56, 4.45, 1,701.20, 

{Sim: #I=122 Mem=100}, 
122:5,	4, 25, 4.21, 764.26, 
122:6,	4, 28, 4.22, 861.57, 
122:8,	5, 34, 4.41, 1,029.77, 
122:10,	5, 36, 4.06, 1,006.83, 
122:13,	7, 45, 4.18, 1,549.69, 
122:20,	7, 47, 4.24, 1,283.26, 
122:40,	8, 58, 4.48, 1,758.94, 

Experiment 2 - {Speed of Ants} memory ant

{Sim: #I=122 Mem=0}, 
1,	6, 43, 4.34, 1,249.40, 
2,	7, 52, 4.34, 1,489.43, 
3,	9, 63, 4.47, 1,917.66, 
4,	9, 68, 4.75, 1,936.83, 

{Sim: #I=122 Mem=1}, 
1,	6, 40, 4.16, 1,233.40, 
2,	8, 54, 4.39, 1,632.66, 
3,	8, 65, 4.72, 1,948.69, 
4,	9, 69, 4.56, 2,173.66, 

{Sim: #I=122 Mem=10}, 
1,	6, 39, 4.22, 1,243.37, 
2,	7, 50, 4.15, 1,599.11, 
3,	8, 60, 4.33, 1,809.60, 
4,	9, 68, 4.76, 1,942.80, 

{Sim: #I=122 Mem=100}, 
1,	6, 41, 4.15, 1,212.09, 
2,	8, 55, 4.48, 1,575.09, 
3,	8, 59, 4.71, 1,715.54, 
4,	8, 69, 4.92, 2,053.11, 

Experiment 2 - {Speed of Ants} memory location ant

{Sim: #I=122 Mem=0}, 
1,	6, 40, 4.31, 1,259.91, 
2,	8, 56, 4.50, 1,576.49, 
3,	9, 64, 4.49, 1,938.51, 
4,	9, 69, 4.65, 1,969.26, 

{Sim: #I=122 Mem=1}, 
1,	6, 40, 4.21, 1,137.34, 
2,	7, 52, 4.31, 1,372.46, 
3,	9, 62, 4.39, 1,711.00, 
4,	9, 70, 4.68, 2,163.03, 

{Sim: #I=122 Mem=10}, 
1,	5, 36, 4.23, 1,103.83, 
2,	7, 51, 4.32, 1,651.14, 
3,	8, 63, 4.58, 1,818.54, 
4,	9, 68, 4.73, 2,157.77, 

{Sim: #I=122 Mem=100}, 
1,	6, 40, 4.30, 1,247.34, 
2,	8, 54, 4.23, 1,628.91, 
3,	8, 61, 4.63, 1,676.71, 
4,	9, 70, 4.99, 1,931.69, 
BUILD SUCCESSFUL (total time: 1 minute 5 seconds)
