Iter = 500

run:
Experiment 1 - {Ants:Items} memory ant

{Sim: #I=122 Mem=0}, 
122:5,	4, 29, 4.64, 787.17, 
122:6,	5, 32, 4.07, 1,047.29, 
122:8,	5, 37, 4.29, 1,172.69, 
122:10,	6, 43, 4.29, 1,363.43, 
122:13,	7, 47, 4.46, 1,323.63, 
122:20,	7, 52, 4.33, 1,384.80, 
122:40,	9, 63, 4.27, 1,916.37, 

{Sim: #I=122 Mem=1}, 
122:5,	4, 30, 4.15, 820.94, 
122:6,	5, 31, 4.18, 1,008.69, 
122:8,	5, 34, 4.28, 859.89, 
122:10,	6, 43, 4.15, 1,317.51, 
122:13,	7, 48, 4.59, 1,339.77, 
122:20,	7, 52, 4.40, 1,483.17, 
122:40,	8, 63, 4.30, 1,736.94, 

{Sim: #I=122 Mem=10}, 
122:5,	4, 29, 4.07, 936.51, 
122:6,	4, 30, 4.23, 919.20, 
122:8,	6, 38, 3.92, 1,140.06, 
122:10,	6, 43, 4.03, 1,199.46, 
122:13,	7, 46, 4.05, 1,231.06, 
122:20,	7, 54, 4.57, 1,403.57, 
122:40,	9, 64, 4.21, 2,068.37, 

{Sim: #I=122 Mem=100}, 
122:5,	4, 28, 3.94, 845.54, 
122:6,	5, 33, 4.13, 1,025.51, 
122:8,	6, 36, 4.04, 1,242.54, 
122:10,	6, 40, 4.05, 1,098.83, 
122:13,	6, 44, 4.12, 1,205.80, 
122:20,	8, 53, 4.27, 1,500.14, 
122:40,	8, 62, 4.53, 1,512.80, 

Experiment 1 - {Ants:Items} memory location ant

{Sim: #I=122 Mem=0}, 
122:5,	5, 33, 4.47, 923.11, 
122:6,	4, 30, 4.81, 864.14, 
122:8,	5, 35, 4.16, 1,081.97, 
122:10,	6, 40, 4.29, 1,021.91, 
122:13,	6, 41, 4.31, 1,132.63, 
122:20,	8, 54, 4.27, 1,655.29, 
122:40,	8, 63, 4.76, 1,912.09, 

{Sim: #I=122 Mem=1}, 
122:5,	5, 31, 4.28, 959.80, 
122:6,	5, 31, 3.82, 901.34, 
122:8,	5, 37, 4.17, 1,020.49, 
122:10,	6, 39, 4.02, 1,237.89, 
122:13,	7, 48, 4.33, 1,446.91, 
122:20,	7, 53, 4.40, 1,441.54, 
122:40,	8, 63, 4.65, 1,791.63, 

{Sim: #I=122 Mem=10}, 
122:5,	4, 28, 4.15, 801.34, 
122:6,	5, 31, 4.39, 961.37, 
122:8,	5, 37, 4.44, 1,085.20, 
122:10,	6, 40, 4.29, 1,142.91, 
122:13,	6, 45, 4.52, 1,341.03, 
122:20,	8, 58, 4.44, 1,744.06, 
122:40,	8, 64, 4.54, 1,688.63, 

{Sim: #I=122 Mem=100}, 
122:5,	4, 27, 4.11, 811.43, 
122:6,	4, 28, 4.07, 879.20, 
122:8,	6, 39, 4.19, 1,104.23, 
122:10,	6, 38, 4.34, 1,030.54, 
122:13,	7, 49, 4.18, 1,496.97, 
122:20,	8, 56, 4.17, 1,656.89, 
122:40,	8, 64, 4.81, 1,865.23, 

Experiment 2 - {Speed of Ants} memory ant

{Sim: #I=122 Mem=0}, 
1,	7, 47, 4.42, 1,252.03, 
2,	8, 59, 4.46, 1,468.80, 
3,	9, 68, 4.48, 1,894.23, 
4,	9, 75, 4.63, 1,837.00, 

{Sim: #I=122 Mem=1}, 
1,	6, 45, 4.37, 1,254.63, 
2,	8, 59, 4.68, 1,609.77, 
3,	9, 67, 4.75, 1,807.63, 
4,	9, 74, 4.78, 2,057.40, 

{Sim: #I=122 Mem=10}, 
1,	7, 45, 4.04, 1,292.40, 
2,	8, 55, 4.32, 1,776.00, 
3,	8, 63, 4.81, 1,811.63, 
4,	9, 72, 4.78, 2,173.14, 

{Sim: #I=122 Mem=100}, 
1,	7, 47, 4.26, 1,410.31, 
2,	9, 62, 4.47, 2,045.43, 
3,	8, 66, 5.01, 2,022.89, 
4,	8, 70, 5.70, 1,797.94, 

Experiment 2 - {Speed of Ants} memory location ant

{Sim: #I=122 Mem=0}, 
1,	7, 45, 4.00, 1,170.51, 
2,	9, 66, 4.64, 2,067.69, 
3,	9, 67, 4.42, 1,936.00, 
4,	9, 71, 4.69, 1,848.40, 

{Sim: #I=122 Mem=1}, 
1,	7, 48, 4.63, 1,575.54, 
2,	8, 60, 4.40, 1,902.66, 
3,	9, 69, 5.03, 1,957.71, 
4,	9, 71, 4.89, 2,162.31, 

{Sim: #I=122 Mem=10}, 
1,	6, 45, 4.53, 1,411.40, 
2,	8, 58, 4.81, 1,768.69, 
3,	8, 66, 5.11, 1,821.89, 
4,	9, 70, 4.95, 2,094.14, 

{Sim: #I=122 Mem=100}, 
1,	6, 46, 4.60, 1,286.86, 
2,	8, 58, 4.57, 1,736.23, 
3,	9, 69, 4.86, 2,129.49, 
4,	8, 71, 5.63, 1,985.49, 
BUILD SUCCESSFUL (total time: 1 minute 41 seconds)
