Iter = 600

run:
Experiment 1 - {Ants:Items} memory ant

{Sim: #I=122 Mem=0}, 
122:5,	5, 30, 4.06, 1,021.17, 
122:6,	5, 36, 4.46, 919.69, 
122:8,	6, 40, 4.26, 1,059.51, 
122:10,	6, 43, 4.24, 1,359.14, 
122:13,	8, 55, 4.44, 1,709.37, 
122:20,	8, 59, 4.49, 1,691.57, 
122:40,	9, 68, 4.32, 2,012.86, 

{Sim: #I=122 Mem=1}, 
122:5,	4, 29, 4.13, 764.89, 
122:6,	5, 34, 4.53, 967.77, 
122:8,	6, 41, 4.15, 1,401.57, 
122:10,	6, 40, 4.17, 1,255.74, 
122:13,	7, 51, 4.49, 1,424.17, 
122:20,	8, 58, 4.40, 1,851.66, 
122:40,	9, 68, 4.69, 2,023.80, 

{Sim: #I=122 Mem=10}, 
122:5,	5, 31, 4.03, 826.40, 
122:6,	5, 32, 4.58, 1,026.09, 
122:8,	6, 39, 4.35, 1,145.29, 
122:10,	7, 45, 4.28, 1,459.91, 
122:13,	7, 48, 3.96, 1,500.60, 
122:20,	8, 57, 4.40, 1,660.23, 
122:40,	9, 67, 4.47, 2,026.20, 

{Sim: #I=122 Mem=100}, 
122:5,	5, 32, 4.19, 914.63, 
122:6,	5, 35, 4.27, 921.89, 
122:8,	6, 38, 4.02, 1,144.40, 
122:10,	7, 46, 4.25, 1,447.14, 
122:13,	7, 49, 4.13, 1,375.03, 
122:20,	8, 61, 4.34, 1,858.69, 
122:40,	8, 67, 4.76, 1,978.83, 

Experiment 1 - {Ants:Items} memory location ant

{Sim: #I=122 Mem=0}, 
122:5,	5, 31, 4.06, 951.03, 
122:6,	5, 34, 4.07, 1,079.69, 
122:8,	6, 38, 4.26, 1,078.83, 
122:10,	7, 50, 4.59, 1,384.63, 
122:13,	7, 51, 4.49, 1,541.20, 
122:20,	8, 60, 4.37, 1,911.40, 
122:40,	8, 69, 5.11, 1,900.14, 

{Sim: #I=122 Mem=1}, 
122:5,	4, 30, 4.16, 926.49, 
122:6,	6, 38, 4.09, 1,065.29, 
122:8,	6, 43, 4.26, 1,176.23, 
122:10,	6, 44, 4.33, 1,220.54, 
122:13,	8, 52, 4.05, 1,459.83, 
122:20,	8, 55, 4.41, 1,672.97, 
122:40,	8, 65, 4.53, 1,955.20, 

{Sim: #I=122 Mem=10}, 
122:5,	5, 33, 4.24, 847.51, 
122:6,	5, 31, 4.11, 775.29, 
122:8,	6, 39, 4.13, 1,099.57, 
122:10,	6, 45, 4.46, 1,350.49, 
122:13,	7, 49, 4.36, 1,413.86, 
122:20,	8, 57, 4.34, 1,636.06, 
122:40,	9, 71, 4.40, 1,904.23, 

{Sim: #I=122 Mem=100}, 
122:5,	4, 29, 4.09, 665.00, 
122:6,	5, 35, 4.07, 1,114.23, 
122:8,	6, 42, 4.38, 1,191.80, 
122:10,	7, 45, 4.25, 1,350.66, 
122:13,	7, 51, 4.53, 1,435.40, 
122:20,	8, 59, 4.27, 1,780.40, 
122:40,	8, 66, 4.68, 1,904.00, 

Experiment 2 - {Speed of Ants} memory ant

{Sim: #I=122 Mem=0}, 
1,	7, 50, 4.27, 1,390.94, 
2,	9, 63, 4.27, 1,863.14, 
3,	9, 71, 4.72, 2,180.06, 
4,	9, 76, 5.04, 1,935.43, 

{Sim: #I=122 Mem=1}, 
1,	7, 46, 4.39, 1,307.26, 
2,	9, 65, 4.61, 2,042.43, 
3,	9, 68, 4.80, 1,891.37, 
4,	10, 79, 5.03, 2,019.71, 

{Sim: #I=122 Mem=10}, 
1,	7, 48, 4.07, 1,354.54, 
2,	9, 65, 4.34, 2,020.23, 
3,	8, 67, 4.89, 1,822.60, 
4,	9, 74, 5.23, 2,125.46, 

{Sim: #I=122 Mem=100}, 
1,	7, 45, 4.08, 1,439.17, 
2,	8, 63, 4.78, 1,747.40, 
3,	8, 69, 4.91, 1,842.57, 
4,	7, 70, 5.85, 1,612.71, 

Experiment 2 - {Speed of Ants} memory location ant

{Sim: #I=122 Mem=0}, 
1,	7, 48, 4.46, 1,420.31, 
2,	9, 63, 4.46, 1,996.14, 
3,	9, 71, 4.87, 2,064.80, 
4,	8, 72, 5.22, 1,963.20, 

{Sim: #I=122 Mem=1}, 
1,	8, 53, 4.53, 1,464.54, 
2,	8, 63, 4.75, 1,846.17, 
3,	9, 72, 4.57, 2,212.09, 
4,	9, 78, 5.10, 1,997.03, 

{Sim: #I=122 Mem=10}, 
1,	6, 46, 4.36, 1,332.57, 
2,	8, 61, 4.58, 1,700.43, 
3,	8, 70, 4.87, 1,964.57, 
4,	9, 75, 5.35, 1,992.34, 

{Sim: #I=122 Mem=100}, 
1,	7, 48, 4.29, 1,425.31, 
2,	9, 68, 4.54, 1,951.40, 
3,	8, 67, 5.31, 1,783.14, 
4,	8, 73, 5.59, 1,915.77, 
BUILD SUCCESSFUL (total time: 2 minutes 23 seconds)
